image: simulations_floorplan_sim_map03.pgm
resolution: 0.020000
origin: [-4.500000, -25.000000, 0.000000]
negate: 0
occupied_thresh: 0.65
free_thresh: 0.196