image: simulations_floorplan_sim_map04.pgm
resolution: 0.040000
origin: [-6.00000, -4.0000, 0.000000]
negate: 0
occupied_thresh: 0.65
free_thresh: 0.196
