image: simulations_floorplan_maze01.pgm
resolution: 0.030000
origin: [-1.500000, -9.500000, 0.000000]
negate: 0
occupied_thresh: 0.65
free_thresh: 0.196