image: simulations_floorplan_rim_map.pgm
resolution: 0.030000
origin: [-22.000000, -14.000000, 0.000000]
negate: 0
occupied_thresh: 0.65
free_thresh: 0.196